1.9859439802698502 0.5009055579750237 1 2002 0.07924029878639226
1.9689349236668423 0.49954979928177673 2 2004 0.06784070475925219
1.965056170230025 0.49228326001796335 3 2005 0.04322032925879613
1.9435721002153385 0.49388902063808565 4 2007 0.08201063653652199
2.077202533289652 0.5015117462723104 5 2008 0.0879242617186428
1.9790062516614866 0.5017008176412062 6 2009 0.03845940093400691
2.0104322318482764 0.4938934336756139 7 2011 0.06448660857197108
2.0290691349298067 0.49109285341135483 8 2012 0.07594766450440829
1.9487913207435534 0.501104936151992 9 2016 0.08159995561220217
2.0444564891596406 0.49712926225121706 10 2018 0.05542314875473766
2.011455895866599 0.5056043870741017 11 2019 0.04562116851049134
2.0498509151454907 0.49895165366952565 12 2020 0.05295506363249402
1.9409701596339008 0.5003230453939227 13 2023 0.06696255680393212
1.958545358650334 0.4957049370375915 14 2027 0.06612791912829717
1.9918236846421797 0.503476034076861 15 2028 0.03638704319490952
2.050143170379223 0.4936963908924967 16 2030 0.05079926706756481
1.9931496383916538 0.49289716097579805 17 2032 0.051862994935012216
1.9706162168952055 0.4991993631778291 18 2033 0.09168154195665669
2.0497353385223636 0.504720922402655 19 2034 0.09110149104514245
1.9892426476321832 0.5049385184051687 20 2035 0.021573388685736404
1.9829276945552972 0.4917259314734419 21 2037 0.021672088993547937
2.04829629389277 0.5038465043536113 22 2038 0.05641154778539438
1.9749050408216764 0.49570928866948827 23 2039 0.025565797689771755
2.020696722070651 0.5044648118853441 24 2040 0.02682791266100572
1.9489614557425237 0.5029255058239726 25 2041 0.0859095754420642
2.008704634821265 0.5030295713190536 26 2042 0.010150725908736488
2.0214995155745337 0.5046970824491631 27 2043 0.06983621533627768
2.0214411203188916 0.5007393313488148 28 2046 0.02163960580829262
2.0392625123522743 0.5058820925991393 29 2047 0.07064313306809619
1.985941505892237 0.5033725474488132 30 2049 0.01808709116203702
1.981311424089453 0.5048636738065374 31 2050 0.026667377661774662
1.9787674085883866 0.4994847659507627 32 2051 0.021481776199405604
1.9591510928734985 0.5082599544025455 33 2052 0.04806580083238931
1.9901707005452793 0.5011651264932121 34 2053 0.016705882648874914
2.0547267639099815 0.49038725177807363 35 2055 0.05926792613700253
1.9309968998473628 0.49208804530109 36 2056 0.07736997485181804
1.9285369218368085 0.5037129872558808 37 2059 0.08127507204887834
1.9776726937961062 0.49943597181747784 38 2060 0.04136544059290192
2.0500710974681806 0.49192759099961214 39 2061 0.05963237042445294
2.024355860406763 0.4952052171637446 40 2065 0.06066510250715672
1.965761916570096 0.4911299751298324 41 2066 0.06769212569626211
2.0316821351599286 0.4978614510498229 42 2068 0.060807358560152305
1.9955383969896625 0.5060216576516052 43 2069 0.06755081532469437
1.9725490213736858 0.49438426526792645 44 2070 0.05954559756368742
2.0601231076132707 0.4948003778266004 45 2072 0.07005507221764429
2.028020017040942 0.5005980043625239 46 2073 0.08274233367406937
2.000962450697695 0.5057342941582591 47 2075 0.002668458057278867
2.038748259444407 0.5072967119976051 48 2076 0.040764734113905056
2.01922404186728 0.5025485630673883 49 2077 0.07397037419344007
1.9904757132903486 0.4985165375662243 50 2080 0.0206745895453219
1.9361324289353214 0.5053160259226631 51 2082 0.07469368527413468
1.960447392427761 0.4994446002819806 52 2083 0.08408535978772215
1.9929637404454092 0.5078341395091355 53 2084 0.0078102662351829675
1.972267099912238 0.503771678524217 54 2085 0.08391142621473614
1.9986763286303442 0.5006136308600663 55 2090 0.02948196332480416
1.9426894726909045 0.4975819070100257 56 2091 0.09283056753504439
1.9294684963832516 0.5029979230277413 57 2092 0.07164254233819785
2.019607404685291 0.49769379474559167 58 2093 0.04795601700051287
1.9903595708570045 0.5082743773374225 59 2096 0.010319188367283622
2.08708469629685 0.49380680234110896 60 2097 0.0880681607053773
1.9399932340615402 0.4939374470462031 61 2098 0.0748153495795091
1.9938729963964283 0.4938923669271432 62 2102 0.018583305388353937
2.0054544913122343 0.5023706761580077 63 2103 0.06261294103906755
1.967178758893268 0.5023108078833783 64 2104 0.05384120953239793
2.0045958311185235 0.5017896718469119 65 2107 0.05196344211314541
1.9994065432568136 0.4982747674917827 66 2111 0.03931815386194402
1.9892224655828536 0.5059769776344129 67 2112 0.07159530670846355
1.9226170103504494 0.49722184810650566 68 2116 0.08214837415273171
2.0076415621495505 0.5023792082013616 69 2118 0.08352667724833213
1.9647788591245383 0.5005236381254352 70 2120 0.05536116237283215
1.9916053801815707 0.49490049477211123 71 2122 0.04235872193696102
2.01687730352109 0.5020779502914611 72 2123 0.0999381998145465
1.9837717658233622 0.4952345901945933 73 2125 0.06788998273096067
1.9732890074322773 0.49855750233484536 74 2127 0.04370102607504316
2.0384825379522 0.5025282490492516 75 2128 0.04494663665976715
1.9913977657417523 0.5063334505655834 76 2131 0.019706459991310564
1.9588407608615779 0.5005518666599765 77 2133 0.09865025051155034
2.046045643056443 0.4924048484762569 78 2134 0.057730227869744466
1.939928849084634 0.501790573457899 79 2137 0.09761666786196176
1.966179563544624 0.49883381306644653 80 2139 0.03936954461759952
1.9838931050878572 0.49540121828978445 81 2141 0.0920183140690728
2.0051844638412275 0.4969092935192793 82 2143 0.013531379613054019
2.024842984836711 0.49824861774102636 83 2144 0.025747235329301607
1.9858324463313988 0.5082739754274807 84 2145 0.09682674370181761
2.005394466348057 0.4991225088968988 85 2146 0.029595994244685283
1.9851392758974338 0.501726996401019 86 2147 0.03559267689227698
2.0420863278004635 0.5014107861468751 87 2150 0.049899859806758415
2.038178121434372 0.5021260231069465 88 2152 0.05415649665752554
1.952447536605551 0.499602049784068 89 2153 0.08233249261329369
2.022077310674186 0.4953654693567764 90 2154 0.04596526844244187
2.034747304117641 0.49677628508764216 91 2157 0.05287709646729158
2.0409737476458467 0.4953888037721792 92 2158 0.05089482956322078
2.0466635308910477 0.5043319802339257 93 2159 0.05346672543897891
1.9806311046627247 0.49759599344711863 94 2160 0.07238679461094152
1.9575891004525814 0.49735066520146115 95 2162 0.06917297179734377
1.953152045255163 0.5022081015218797 96 2164 0.08880935271255748
1.9968364991327385 0.4982535927870053 97 2166 0.04051070460161339
2.0239716414597084 0.49477363170291133 98 2167 0.0412264291605596
2.0105312886434685 0.5073546821240594 99 2171 0.06527714601724087
2.011976202241701 0.4995829255484128 100 2174 0.05358773517857404
2.0196165006544806 0.5043692961315104 101 2178 0.040306208775981955
2.043190213258372 0.5021307493010383 102 2183 0.049927052891316916
1.9278357320673931 0.5039718646332352 103 2184 0.08661368678594486
2.0398939072894606 0.49784141485689004 104 2185 0.045543766413484746
1.9963557336518654 0.5051470032617827 105 2187 0.003686325891165209
2.059108773994511 0.49454561405322955 106 2192 0.09269111057823275
2.021332666692249 0.49175248479651035 107 2193 0.03320755322371746
1.9402038750077577 0.5013635537070951 108 2194 0.07873219887708449
1.9906301619248286 0.5066457561490183 109 2196 0.019117752781353615
2.0078844846156962 0.4948926732009186 110 2197 0.0755232187289359
2.0140060398486437 0.5025569831093055 111 2198 0.026979991535098582
1.9800946987367978 0.4973733609904675 112 2199 0.03106979291562671
1.9640908924557654 0.49269792970527765 113 2201 0.078144866904538
2.018731401630037 0.500975727350094 114 2202 0.0813180868551624
1.921800349280966 0.5042291723902846 115 2203 0.08094522617245534
2.0519362651986546 0.5089772175213468 116 2205 0.098764107996469
2.026996733311274 0.5016786335364041 117 2206 0.051104661732320714
1.973965989368557 0.5065911719683225 118 2208 0.02630115221765084
1.9835578719608744 0.5047281520777824 119 2210 0.02468556878296147
1.965211491029292 0.5032230533171695 120 2213 0.03516213023611253
2.0195414376246106 0.5025779157974589 121 2214 0.024313458919197242
2.0168304761470512 0.5007540610808866 122 2215 0.08831640838216659
1.9577001868883797 0.5089249214054521 123 2216 0.07461181048266001
2.0053364168334453 0.49398251643195995 124 2219 0.005493673649494729
1.9271879726744072 0.5098865363275409 125 2220 0.09566292565537236
2.0239086208862593 0.4956804493278959 126 2224 0.029213862001738068
1.9682544776788986 0.49115698026731136 127 2228 0.06469362878884977
1.9861098377702946 0.5074807125021359 128 2230 0.08060680837071786
1.9332748544104161 0.5059412180346368 129 2231 0.0853384418197766
1.959874027140336 0.49597220017488935 130 2233 0.08624850432386595
1.989242476812737 0.5024164022745771 131 2234 0.07956094121969656
1.9605426525982488 0.506838007033951 132 2235 0.08324537119610925
1.9993091434520718 0.5060625075493477 133 2237 0.009546900948891992
2.008984946785994 0.4942749274980476 134 2240 0.09063282436807088
1.991946954192331 0.4943312630448448 135 2241 0.08108815572162371
1.9585028533083602 0.4988799260842095 136 2246 0.052267282531041105
1.9650577644915068 0.49219146228099536 137 2249 0.035356480433432855
1.9518771067311371 0.497183992693556 138 2253 0.0760156322976862
1.99110133766116 0.49280217893386186 139 2254 0.07563200947279383
1.9902924388639274 0.4950720594753063 140 2255 0.047740333071984185
2.0463769768973408 0.4982772499756817 141 2256 0.06950068883331298
2.017346618053916 0.49062122000327946 142 2257 0.03467762745133447
1.9391332312124516 0.49653004705353 143 2259 0.0856120507871325
2.029978699538544 0.5004633110225092 144 2260 0.05428379546993471
2.0072388963860153 0.5096128619845971 145 2261 0.00772317542515447
1.973809944277653 0.49372556654356237 146 2262 0.03252172124394309
2.0055801483497837 0.49280213387846955 147 2263 0.029670342879306016
1.9848862833830436 0.49692171711956906 148 2264 0.02422619472690711
2.0268197651851856 0.4953300122631395 149 2267 0.04845934486789683
1.969677669780875 0.4905609605843336 150 2270 0.04240877780368306
1.9946383242456491 0.4976721336718722 151 2271 0.07240312190079057
1.958986489676383 0.5085851577180419 152 2272 0.06888563326170728
1.9812251513294943 0.49764141798329475 153 2275 0.020009622179908843
1.9520105479969692 0.49730668648729837 154 2276 0.0616852921275032
2.0100279199544318 0.5024472509634681 155 2277 0.016713787337617064
2.0015188639154524 0.4957694649549044 156 2278 0.05410668517950093
1.9959583222190072 0.4975626941465456 157 2279 0.08055438860502569
1.9538776822944846 0.5049947390564367 158 2280 0.06026144076899934
1.9580469446737387 0.49806224965760654 159 2283 0.0494395207002723
2.078492707104888 0.490690032142509 160 2285 0.08655024897438238
1.9595305032112544 0.4941923812819893 161 2286 0.07561551179321888
2.0489375752085572 0.4972250381823803 162 2288 0.06651493359692495
1.9901667378284902 0.5048488542919812 163 2291 0.056536975073682924
2.0593223144997412 0.49656730149294037 164 2293 0.06280081864508491
1.9999175133919243 0.5091614815589285 165 2294 0.04207172853218663
1.97027745106374 0.5049264004639241 166 2295 0.05542555213788676
1.9682367287223408 0.493223983771961 167 2296 0.0805356172514738
2.0268302491931838 0.4975446188082191 168 2299 0.03197315735650159
1.9864354854790929 0.4979441995529172 169 2300 0.06472265814347233
2.0659522949860336 0.50013249252003 170 2301 0.07433150821505063
2.011616584295326 0.49251070332083174 171 2302 0.07704355955388092
2.022354591329002 0.4901629480185551 172 2303 0.04348425840787191
2.0420464079322183 0.500259276303312 173 2304 0.07747508709760774
2.0095175674521655 0.5037830930876644 174 2307 0.07973420173255644
1.975637760502719 0.4935807806688166 175 2308 0.025432505499826657
1.9890941276090606 0.4966520406084375 176 2309 0.012694696795007227
1.9831073897785934 0.5087229988595886 177 2310 0.09573962861990358
1.969609893743786 0.5019157181572208 178 2311 0.07012376302906011
2.012488390944542 0.4950004266715122 179 2313 0.059015318987079894
2.026054220134393 0.4948514599071877 180 2314 0.02831262499616772
2.044603490628613 0.49862838744352606 181 2316 0.046082703419517757
1.998148792232953 0.4973293628497391 182 2319 0.013076978656924578
1.9849678740668701 0.5042420314418177 183 2320 0.05378683969503806
2.036602945884695 0.5041156608226259 184 2322 0.04575936986044426
1.9934165699935373 0.5058001266070048 185 2325 0.05027833154570663
1.9789109623339731 0.5090975520205997 186 2327 0.048130644256306296
2.0421015642827323 0.5097867324050189 187 2329 0.09677671906240264
2.0282846069061224 0.5010429196833482 188 2331 0.05449410131939794
2.0109704014784824 0.5070082131338055 189 2332 0.028415111267393444
1.9920452669640214 0.49207424614780265 190 2333 0.017219352879774018
2.01766354246256 0.4995771469959765 191 2334 0.021503855442774236
1.9898680355841396 0.5070544577891594 192 2335 0.01787370180286768
2.079233543651104 0.49844692811248364 193 2337 0.08190414929898451
1.9531973666951747 0.5025480722074703 194 2341 0.06617354663464907
1.9697956103495897 0.5033599511925988 195 2342 0.0348243388912862
1.999256844239951 0.5062740173083351 196 2343 0.03511128853973849
1.9945212953442901 0.5075152509157831 197 2347 0.023019474894924185
1.9823047805944383 0.5056243528069085 198 2348 0.028671776917734426
1.999781448811635 0.5049935362278013 199 2349 0.013496006871512296
1.9592144018678117 0.5092170544649366 200 2350 0.06100948701466226
2.002542858285387 0.5067748090463889 201 2353 0.09455204159636232
1.9729176685715115 0.5046601562254734 202 2354 0.03770567861984631
1.9504210672581002 0.5051462372402734 203 2355 0.06839465755855025
2.037427819324353 0.4976013147121524 204 2357 0.09258521889608409
1.9684764762353442 0.5035953739210828 205 2360 0.034341801233726904
1.96179317398594 0.49188743943938634 206 2361 0.04158483733367677
1.9504719534482968 0.5028400571988576 207 2364 0.09534817994924268
2.028419696683154 0.49095598799207174 208 2365 0.031755580790120155
1.9896367085991098 0.5046118959221874 209 2367 0.024674064440230726
2.0356262608351687 0.5016361037014991 210 2368 0.048196507126588704
2.0281547738046735 0.49126843042484253 211 2369 0.07961565892184885
1.9827564815564673 0.508969572681749 212 2370 0.017405374016089124
1.9468313324002224 0.4986508796908044 213 2371 0.0665082425141311
2.0105328596411747 0.5001166456812841 214 2372 0.03811624975347917
1.988948037832434 0.5025332313578922 215 2374 0.01898403055934068
1.9417628795906317 0.49044885521744147 216 2376 0.06369326166273499
2.0140357235387354 0.49313320211376216 217 2379 0.0981446273861768
1.9769191857558162 0.5095461234641964 218 2380 0.09681473474325497
1.9573945583965375 0.5090381999035936 219 2381 0.05276079903126687
1.994788642331879 0.5009588474875606 220 2382 0.02938010325601957
2.027830500837383 0.4969283825965918 221 2383 0.05186993412928457
1.9479325521429407 0.5022207180287144 222 2384 0.08982035796555306
2.013247420899124 0.49820850115754484 223 2385 0.013387857005512213
1.9975229238867214 0.5059880662495982 224 2386 0.06688412787255009
1.9554483667504352 0.4922054205057838 225 2389 0.09233216947713044
2.007836647832595 0.4999536857796087 226 2390 0.013924396710561662
1.981428623486259 0.5064136354735234 227 2391 0.07039407655592665
2.0427409410791326 0.4985006685371055 228 2393 0.05465238033144853
2.0299864577216287 0.5041879069580053 229 2397 0.07661117140342112
2.046856494321501 0.4995798724513777 230 2398 0.04756058759171503
1.9484202386879081 0.5012899565098283 231 2399 0.08496683945864962
1.9712648094581449 0.4979753234511598 232 2400 0.039566746411613944
1.9766376597024817 0.5010180851931236 233 2401 0.08040019972596212
1.9943810274504619 0.4927346470639527 234 2402 0.026953696252385397
2.0107452425759074 0.501734429739565 235 2403 0.012786317759042213
1.9676272896322649 0.5046230685444859 236 2404 0.06782079204811002
1.9484929778169524 0.4956995218676564 237 2405 0.0956205756754282
1.9237446772602096 0.5055996739725283 238 2406 0.0769707286210098
1.9635187072594162 0.5032759938838451 239 2407 0.03723882370977844
1.9794623116593157 0.506931985002719 240 2408 0.057102035887216275
1.9937311343855948 0.4988984554455985 241 2411 0.09806255227814577
1.9357476147882418 0.5035370099817237 242 2412 0.06639148483157192
2.064292699404069 0.5041123780973065 243 2413 0.0671842755500693
1.9838321526594793 0.49095465791562287 244 2414 0.08883300904421881
2.000440573431684 0.5086923859652682 245 2416 0.009857858247949066
2.029578906390475 0.5096142192799954 246 2417 0.09026138896722899
1.9823979296543708 0.5066365614243952 247 2418 0.02092616986318656
1.9419894780580573 0.49519609909637125 248 2419 0.06419601891235756
1.9609182921718011 0.49530768288834737 249 2421 0.04065297559302901
2.0735085507014808 0.49246191144429247 250 2424 0.09753835673756735
1.931661883552786 0.5037812457182551 251 2425 0.09776805622217753
2.0449781857046574 0.49730817658185245 252 2431 0.09748620345861611
1.9536873448889713 0.49805253664808347 253 2432 0.05378089394338896
1.9985207476745104 0.49445263047164634 254 2435 0.053850008709590946
1.9830206795819487 0.5060717654727588 255 2436 0.04371256881693939
1.9343074735546717 0.5006593329612457 256 2439 0.06968355296493461
1.9828102504718774 0.49887898056207086 257 2440 0.04436369664571858
1.9330628504690102 0.49587499854176836 258 2441 0.09408954374975985
2.0053955725195416 0.5004300126302159 259 2443 0.022669098788507067
2.0218349583657615 0.4914459113281239 260 2446 0.050122901091897126
2.0180393826665646 0.4997219939712066 261 2448 0.08411675079919118
1.9468656335723904 0.504684775507167 262 2451 0.06134843333413285
2.0482982189079575 0.4951406432755499 263 2453 0.056932468176577655
2.0143278330470173 0.5060210483244173 264 2456 0.07199093450727191
1.9551199151475938 0.5080367291213435 265 2457 0.060608676260917684
2.039458667015849 0.49653205900550385 266 2458 0.06464793079676562
1.9762196415952098 0.49127151819740617 267 2459 0.05751321475608885
1.9638141503941555 0.49576111079045154 268 2461 0.048676426009899305
1.9999460598472807 0.5011493045767986 269 2462 0.05759059490753615
2.0207343852555733 0.4915762767757541 270 2463 0.037037235866759284
1.9309958529401607 0.5092444274639406 271 2466 0.0762201651535005
2.061078221533578 0.5066049921278952 272 2469 0.07687279382776524
1.9504639541983078 0.5094677241959619 273 2470 0.05023561186353209
2.035753031973447 0.5062424279965965 274 2471 0.050668674198789634
1.995327732384786 0.49320432544072246 275 2474 0.040316424694708135
2.0175947761839197 0.4991172412398976 276 2475 0.06920960824659148
1.9773109428679303 0.49033816762752963 277 2478 0.060564033395388
2.021967030358019 0.49311544435102483 278 2479 0.05130147048921704
2.045297594943795 0.4921183096228698 279 2480 0.08300147570613993
2.050751212125033 0.49676305420631367 280 2481 0.05233127533800355
2.0733984255538775 0.5066875277338221 281 2483 0.08867759913701521
2.023566235766021 0.5035454517011635 282 2486 0.07684031641068073
2.0289171793680363 0.5024894002089773 283 2488 0.07995602427735767
1.9950774042736112 0.5060632604280436 284 2489 0.07936082263830439
1.9789164697605697 0.4979282941936807 285 2496 0.09354690917462367
1.992133858386875 0.5056291815605684 286 2497 0.01848041256334638
1.9306720399092232 0.506651664633124 287 2500 0.07025565255724374
1.992420680183459 0.4998977238543083 288 2502 0.09148986046570766
2.0127550387328412 0.4964535875051446 289 2507 0.016046000717528743
1.9972267234897194 0.4923270085184397 290 2510 0.044366289178423425
2.0296527090120255 0.4951458484081518 291 2511 0.09659989119948
2.015001534300729 0.5022881683912922 292 2513 0.036828945739838796
1.9458661367406493 0.5021179288069081 293 2516 0.0708091388172032
1.904372046825016 0.5077502272335133 294 2517 0.09652816534511946
2.0539947363362816 0.5004169345878458 295 2518 0.09534018343017932
1.9845759616946073 0.49500277171214674 296 2519 0.09769731369584507
1.97559016417487 0.5003567015847387 297 2521 0.02463939302383308
2.015307078144532 0.5037148271359916 298 2523 0.018456038026168006
1.9810480846856384 0.4973322169526466 299 2524 0.038783681785398115
1.956967655696723 0.500343195291892 300 2525 0.04614910730296949
2.023378605351847 0.49835612398447865 301 2527 0.02379102669781565
1.9726579301734446 0.5061302368434913 302 2530 0.08526525950486763
2.0553145279126195 0.4907939649211688 303 2531 0.059143979468996265
1.9848151175088062 0.4950485855598577 304 2532 0.06868921707717744
2.0065613154154662 0.5094557423341387 305 2533 0.03998357908779879
2.0269239619066015 0.5070838615717145 306 2536 0.03659439424013851
1.9241310828060565 0.504706553462789 307 2537 0.07723307555441204
2.087548958738315 0.5014051438642486 308 2544 0.09627016934087186
2.022194153165407 0.5065131292758837 309 2545 0.08632664886506229
2.0579566316672127 0.5012709524235779 310 2546 0.09205897218446563
2.0491963765346033 0.5088891479125703 311 2551 0.09501241281760564
1.9298583690875473 0.5051609677721964 312 2553 0.07472664025820827
1.9916167020267324 0.5009077366811987 313 2556 0.09205066014333001
2.0402868140273434 0.5004377588107847 314 2557 0.0497189089113136
2.0442335281776782 0.5058714635806933 315 2558 0.059614915006655236
1.9667841213811017 0.4960877316658788 316 2559 0.03513617411029816
1.9710754329744786 0.49975904461159776 317 2562 0.03180230178397961
1.9230039867137616 0.5011241803279429 318 2564 0.07823700601682462
1.995829621333124 0.49381388110495356 319 2565 0.02795442977285616
2.001577766521742 0.4958083684384107 320 2566 0.05813480326369936
2.0386192254452284 0.5004648095903287 321 2567 0.04374287831324612
2.078000286037735 0.5047959178708192 322 2568 0.08125351627549905
2.020040533967773 0.4955165667883072 323 2570 0.06962361882241323
2.037367878698691 0.5062215312202544 324 2571 0.07142760592434065
1.984349548775652 0.4978943824311254 325 2573 0.03910484001616601
2.030302008781851 0.49845256502269514 326 2574 0.06791977463267515
1.985691128516215 0.5030562169793054 327 2578 0.044451803956760544
1.9832714210847708 0.4982134581610371 328 2579 0.02974773783972215
1.9484342817835283 0.4973178942047463 329 2580 0.05940775689587786
2.0204610687054765 0.5014983131949594 330 2582 0.06278343321595817
1.9788944830473059 0.4990211601456758 331 2583 0.02316243139971363
2.032417036742106 0.5013935542419671 332 2584 0.037797822716659414
1.9357041492228213 0.5076414806084844 333 2587 0.0783993299566306
1.9590873870786532 0.5014804349811622 334 2590 0.04132624328429475
2.0256933271705884 0.5044429271687537 335 2593 0.08306904816017026
1.9469446830617203 0.5092557968537222 336 2596 0.07243174448749212
2.014391480812832 0.4981422581028734 337 2597 0.02270156304242214
2.0046601261730066 0.5004150904625889 338 2600 0.015582547700025274
2.003536423846241 0.5085650602023701 339 2602 0.003958083513623693
1.9717067012467961 0.4901861512192468 340 2603 0.03476595603983316
1.9707629959790804 0.4978234511901336 341 2604 0.0708606629535901
2.029192198788253 0.501064642966825 342 2605 0.0365456191075918
1.9599444754574717 0.5042553809525888 343 2607 0.08263064415317091
1.991488985287557 0.4936910667632714 344 2608 0.08954566522815083
1.965302130983689 0.50912738475476 345 2610 0.07024752382973469
2.032263607189452 0.5055785274143763 346 2611 0.08370969216097869
2.0075829299522576 0.4959025608892375 347 2613 0.014026706981301441
2.032466132934564 0.4954524583815041 348 2616 0.04685529327317719
1.9694883057902934 0.49141976227713347 349 2617 0.031156279442711418
2.0175824686848585 0.5040205337698501 350 2618 0.06447613204939592
2.026613882491601 0.4949098904127902 351 2619 0.06766042791621049
2.011026178285949 0.4935545005769923 352 2620 0.039769954594056516
2.000979005255196 0.49180124688951693 353 2623 0.0013232852117982385
2.080056773920894 0.4905343714237781 354 2624 0.0955500487455364
1.9412428175969942 0.5068085731265547 355 2626 0.09294679246881968
1.9710055552172236 0.5086280680940164 356 2627 0.03344993452165488
1.9960108125276719 0.49067736522985905 357 2628 0.037569032035435525
2.065654896850782 0.4974577763575948 358 2630 0.09046497560544153
1.94041581391604 0.497970420559408 359 2631 0.09465003585054976
2.0001626473403613 0.49903898988892204 360 2635 0.08303027897216766
2.0432672531211673 0.5036469483884267 361 2637 0.04912081533635745
2.0129458921815706 0.5000285891849764 362 2638 0.014109232895428193
2.0092064628533506 0.500582555390287 363 2644 0.05694141132666138
2.040211730558418 0.5010469695076483 364 2645 0.0692497146765399
2.005566445572897 0.4958209655867964 365 2646 0.06996696594156894
1.9380639848696934 0.49988376861698497 366 2647 0.08591250264522769
1.9646775221978547 0.4966930839954946 367 2651 0.047794688056899404
1.942336591512633 0.4972123592104327 368 2652 0.05946012927178851
1.9917900006970424 0.49381538934259406 369 2653 0.026754727922038805
1.9680447912320376 0.4906360865557591 370 2654 0.03315156738066922
2.0017633814661697 0.5041915282271772 371 2655 0.04726955722172928
1.9142709760429972 0.5061792411111079 372 2656 0.08853406149095402
2.019444872013881 0.4979624619658437 373 2659 0.04312957111773266
2.025456490524943 0.49689796141739195 374 2661 0.0830208471128059
2.010925763890237 0.4997601441414442 375 2662 0.02195085322732105
2.006230375003448 0.4986064586025356 376 2664 0.04281200147598515
1.983441038362098 0.5011332080592601 377 2667 0.04174840925043965
2.01936593838559 0.5052197836852088 378 2668 0.048646729651530864
2.033958228578283 0.5031422565747432 379 2672 0.06060173421049458
2.044007574331868 0.5072769012106824 380 2674 0.08562755629840853
1.9916827449309862 0.4989474120788482 381 2676 0.0116819248635879
2.026553559414358 0.4983706224997982 382 2678 0.04863602320837954
2.0386545599967687 0.49818234218040586 383 2679 0.05050242386506198
1.9223811522312317 0.49867873937372637 384 2680 0.09006918420165598
2.0610271745179527 0.5003761610706687 385 2681 0.08595339787873917
2.0003525866851786 0.5035005320404842 386 2684 0.04391347337844456
2.0181543975328187 0.4925563778739177 387 2685 0.07082967441732306
2.0145438549613304 0.5035704102898153 388 2688 0.06466881688358511
2.0499135653783895 0.49165276814045494 389 2689 0.05362881162400248
2.0459530822680976 0.4977974869887994 390 2690 0.054481864764691676
1.9234861500114748 0.5011654840245603 391 2692 0.07859508579443468
1.9859529194458854 0.5009582572910266 392 2695 0.043141364611914236
1.9573986668541545 0.5029708993004576 393 2696 0.061310242998716825
2.009615715970732 0.4911581684952822 394 2701 0.009762892920720455
2.0591939805140966 0.5000860631787251 395 2702 0.06715690899884894
1.985908765380549 0.5075518025182921 396 2703 0.041763530297725095
2.024200742158187 0.49443389822698697 397 2705 0.030011893894906314
1.9825149279507004 0.49323326053108413 398 2708 0.06468291009098474
1.9906216698129553 0.49391083225635324 399 2709 0.09395885770759672
2.00305527947861 0.4954293907873341 400 2711 0.04699896135277452
2.056676614911955 0.4989064409291089 401 2714 0.0660004506581214
2.0382650580390913 0.504039202955299 402 2715 0.049852048015323905
1.9849771780002863 0.501647085869937 403 2716 0.0397600926328274
2.010852559521631 0.5052968685276024 404 2720 0.036460792975021604
1.9730631440120345 0.4936151290977597 405 2721 0.06011878184007177
1.9387482717743276 0.5094093132436616 406 2722 0.06959490967415767
1.9974620446996472 0.5069499460894111 407 2725 0.018088391988658446
2.0001051552365205 0.5085687396361799 408 2728 0.010828894810346493
2.032319960396465 0.5045560874031015 409 2730 0.09939228727452665
1.9626540975690485 0.497685611774261 410 2733 0.07295087728711634
1.9905976201173214 0.4941457538921961 411 2735 0.04661109179400628
1.9945028290098252 0.5077368025341924 412 2737 0.08737298037832594
2.0711882667345978 0.5027967683574027 413 2738 0.0777076837831004
1.9890473556937087 0.4933365789926517 414 2739 0.019199070177015238
1.9973944030212207 0.5038829327404045 415 2740 0.02385372318950184
2.0141119478395577 0.5032246542609928 416 2741 0.03710518436779097
1.9819185501890266 0.49096190581744886 417 2744 0.029974197569716435
1.9716231423659094 0.5021992454944875 418 2745 0.06567031349516274
1.9898265318739143 0.49410688419572635 419 2746 0.037030797182225725
1.9792294107975672 0.5011872286032008 420 2747 0.08262234075172695
2.038015551337089 0.4910213585318116 421 2750 0.0414691188575966
1.983747851683167 0.5070934089172299 422 2752 0.029210157688934233
1.9920244149655828 0.5076957705142598 423 2753 0.029983682654885695
2.082732334187673 0.5008692506681323 424 2754 0.0999349580983907
1.99011053160675 0.4926429048727351 425 2755 0.025122018196323093
2.0191055691812583 0.5014981522539214 426 2756 0.021552082578613733
2.044112516233595 0.5089111840933372 427 2758 0.04725425700844415
1.9603669228223057 0.5052981969569202 428 2759 0.04182517371152516
1.9703618494785828 0.4945691163847714 429 2761 0.06283979445750185
1.9844488481238773 0.4929818282225524 430 2762 0.05811126161598965
2.004855851818132 0.5066130364872011 431 2763 0.060497689231540315
1.9707261245369307 0.5085761485044804 432 2764 0.07447549164901338
1.9557694046704137 0.49335228905152023 433 2766 0.07264173801314933
2.068504489266416 0.4919468624972869 434 2769 0.09428701149544573
2.0378804152071566 0.4969527035513094 435 2774 0.05787539746774385
1.9995796280779328 0.4958103457093312 436 2775 0.0005748521586418758
1.964684729043834 0.49713475800710755 437 2776 0.0384547125603973
2.0026883484537765 0.49243079739782586 438 2777 0.014653791177655872
1.9681998400539962 0.490137523973118 439 2778 0.032266148964164534
2.011808512103673 0.500793177128799 440 2779 0.04382418824903822
1.9500597572393357 0.5020865523763749 441 2781 0.0651983103684467
1.965289866212224 0.5037104270176195 442 2784 0.07693311672906843
1.9954326876012196 0.49732903064112727 443 2786 0.0949005564540968
2.039976942581459 0.5065677015493567 444 2787 0.042635500422200344
2.0634007193208346 0.4909400204551437 445 2789 0.09601313262024043
1.9948990252250094 0.49366034754102034 446 2791 0.019928448103439175
1.9635533414041721 0.5049814782164538 447 2793 0.03718749396255338
2.0635147758886916 0.4961451021942458 448 2795 0.06546763603460189
1.9509037499262947 0.5042083472736388 449 2797 0.08968139666345079
1.9801519495698925 0.5067277047408637 450 2800 0.023052902440837596
1.950369018499316 0.5017530289089003 451 2801 0.07482943366754322
1.9367037426938825 0.5050839613593198 452 2803 0.09557321205954213
1.9549821653351036 0.501418991069832 453 2809 0.04892619385747052
2.0038159975046947 0.49370173793766997 454 2811 0.012170707657410722
1.9820941931956855 0.4983631698566945 455 2812 0.04511313035201252
2.0401750509428354 0.49981310288269937 456 2813 0.042267623500005236
1.9505996339501446 0.5016450607524412 457 2814 0.058585674589676735
2.016452283057049 0.49658275752312303 458 2816 0.07278576527867595
1.9716907832874433 0.4908875473860748 459 2817 0.049309900773074664
2.036664484687541 0.4992658820276216 460 2819 0.09403019591066478
1.9651786084320733 0.4963018210784015 461 2821 0.0352157511763989
1.959875765766032 0.49992536869283377 462 2823 0.06924051845292123
1.99393753745673 0.49910983202095077 463 2824 0.03472110749276731
1.9716850977370386 0.5017699294820698 464 2826 0.030095149109234505
1.9537123504194125 0.5049259518169921 465 2827 0.049530147370851284
1.991968916926774 0.49835359126079887 466 2828 0.0921621160962922
1.9431994078395982 0.49876373506237226 467 2830 0.06255694890486885
2.0312300945932558 0.5031805552218747 468 2831 0.032716859506712305
2.0459446210193346 0.49962850305182827 469 2834 0.050920804043725315
2.014723798446982 0.5011455518675467 470 2835 0.07235956425433593
1.9537156015543033 0.49856369957664337 471 2836 0.05772655933798933
1.9689117086760763 0.4975518265535225 472 2838 0.037723796848815515
2.008161942028533 0.49232179669416687 473 2842 0.056018426023448184
2.016111407226153 0.5059300793377468 474 2843 0.05191231650786734
2.052922179865758 0.4927517497729845 475 2844 0.0662467409575264
1.9768735339339654 0.49772750242563807 476 2847 0.03369266535364264
1.958923508962741 0.49699882463831296 477 2848 0.04844258772400541
1.9968195600598126 0.4965347911256145 478 2851 0.03245827080043398
1.993163361793225 0.49560497360032046 479 2853 0.08503043660939387
2.0202092873292603 0.4988697518754188 480 2854 0.020643134639030288
2.076071874887109 0.49720372014004627 481 2857 0.09676600221966623
2.0717408120524357 0.49081428975685465 482 2858 0.0732192221778057
2.019808243628742 0.5008672074707663 483 2859 0.07137092629336907
1.9981831561886825 0.5033764097997556 484 2861 0.022232110786629997
1.9880581716838222 0.5036740116586518 485 2862 0.03822370188078144
1.9317206569408023 0.4967087077916995 486 2865 0.07091648617743261
1.9722464241668036 0.505128119179869 487 2868 0.02801484343249117
2.01529132975494 0.5076485579903105 488 2869 0.0179447026646262
1.9554436182009696 0.503571018058729 489 2870 0.06291017982770697
2.0406011322434914 0.4965314351347129 490 2875 0.05685442437650996
1.9918968845320624 0.49776817084378777 491 2878 0.09460985929226304
1.9946151339774212 0.4903727859154127 492 2881 0.0996264506898783
1.9785501307321631 0.4959937380523327 493 2888 0.021659249510155496
2.0009296523026987 0.50774636650544 494 2889 0.030254975186741157
2.033495818473861 0.49217213539251703 495 2891 0.04574099571307802
2.0396922255502115 0.4960137329040662 496 2892 0.06490341173408079
2.0317153129457637 0.49801097899517655 497 2893 0.041279690906223854
2.016655301140211 0.5040574582950492 498 2894 0.09741288367903142
2.0081781621976993 0.4994806986955039 499 2896 0.026027090848414487
2.0403976109002926 0.5050842777760515 500 2897 0.08017353223997976
1.9906364534781134 0.5029743549826253 501 2899 0.031047716947109366
2.020733430919678 0.4932738071019844 502 2901 0.09876670820288797
1.9916785818088176 0.5028642389652234 503 2902 0.011032463067438188
1.9833820554585615 0.49331538709597583 504 2904 0.029204099519900092
1.9850589769068299 0.5022429304733641 505 2905 0.02549390091479572
2.01894748849546 0.5000259119634264 506 2906 0.0406797115578382
1.9724293997002709 0.49322568804955225 507 2907 0.029348581722704426
2.0318184756328046 0.49272350147297683 508 2908 0.05963080593633229
2.034478470904582 0.5016648287238215 509 2910 0.036851353272972474
1.9839048445648269 0.5094722453649065 510 2914 0.02314197916811962
1.937048839427277 0.501401171939914 511 2915 0.07045700324813588
2.0066403225273386 0.4928041334480174 512 2918 0.07169233621342211
1.9639505909582253 0.5004760796298316 513 2920 0.05469368291480586
2.017131334111904 0.5005216210191193 514 2921 0.08075283704328583
1.9343788302143805 0.4906171205253895 515 2923 0.07082892498059233
2.004039525354428 0.4990337914392556 516 2924 0.016629485147212887
1.981614601120118 0.49277536983448456 517 2926 0.08615491392081022
1.9796957714944567 0.4968231169034363 518 2927 0.021042424086399353
2.0666526981082276 0.5007255898318353 519 2928 0.09560354295074265
1.975911236305187 0.5029924894652992 520 2929 0.036446284248972304
1.9916963781946804 0.5068519808324626 521 2930 0.008921106355852887
1.9927628221071885 0.5034957575686596 522 2931 0.015544350130446444
1.937464705599999 0.5042937907194185 523 2933 0.0769690609363574
1.9390993641064913 0.4941862797380547 524 2935 0.0851618991791068
1.9938486428890025 0.5062893674466774 525 2936 0.08985858560253863
2.0099380354614604 0.5050299393449242 526 2937 0.046826579011151385
2.01920680551821 0.5089398813289167 527 2938 0.0996186641958181
2.011183365075172 0.49575277133550616 528 2939 0.07932000041678773
2.0701709870677525 0.490545081891254 529 2942 0.07092828139688721
1.993746766468298 0.49436357098165473 530 2943 0.028228288413012347
1.9734787138841716 0.5035712402652817 531 2944 0.06953279643446471
1.9729878004283248 0.5028066429926886 532 2945 0.02790518355226858
2.042073313618343 0.5056392967503339 533 2946 0.04787175435443327
2.0028470119919444 0.5013523437865137 534 2947 0.04490047188195452
1.9901334679775458 0.4919938305940273 535 2949 0.03091081103637234
1.9744766531398275 0.4956075665996547 536 2951 0.06985010166689885
2.0258210687633524 0.500877277355052 537 2953 0.05799890618342462
1.96399775758386 0.5062069349828053 538 2957 0.06411693854538698
1.9521747049808926 0.5022989071714908 539 2958 0.08019234436116392
2.013656035395127 0.5043118081406528 540 2959 0.04121167431864278
2.008309909805103 0.4941420427134466 541 2960 0.01625469891361024
1.9824912792683265 0.4949897346935876 542 2961 0.02528658513569126
1.967246169529874 0.5026204948945227 543 2964 0.051218594956781646
1.9584718517922666 0.5040526994248257 544 2965 0.07397474131361642
2.037896877517876 0.4978042810946393 545 2966 0.05070939077883684
1.9677184298569719 0.5027876743273748 546 2968 0.08705341085181421
2.0727404276464996 0.4937599332169489 547 2971 0.08311514227479444
2.0041306777358243 0.5068062669418036 548 2972 0.036579553113504824
1.9875249515248206 0.49520056698292975 549 2973 0.09031109528620783
1.9776901183939308 0.5062869841637259 550 2974 0.063651495052506
2.053453843879936 0.5061866981453998 551 2976 0.05559839655357398
2.018477896901451 0.5054849114628983 552 2977 0.020784838423187745
2.0033746787235485 0.49549972048305435 553 2979 0.03970165374574822
1.9551618871044918 0.506476424016165 554 2980 0.09417632194914896
1.987230806489516 0.49147163139954525 555 2983 0.016130169830548644
2.001413367481205 0.5092476289802538 556 2986 0.03151054970947168
2.0113129453005643 0.4906811776233681 557 2987 0.07131263466348306
1.9551320803099144 0.5055703484695337 558 2988 0.04529450799941935
2.0103697451210083 0.5054401773130546 559 2989 0.03800963627035246
2.043451483966125 0.5029274001977927 560 2992 0.04588713640173824
2.008744723188486 0.4932205575590895 561 2994 0.039926258520029345
1.9600739337411648 0.5096331459575362 562 2997 0.04048546743424944
1.9989147377817016 0.4933415293176106 563 3000 0.04502353037201905
2.059671784502746 0.49322422660552834 564 3002 0.06404671676096665
2.0439675037156735 0.49634815446579994 565 3003 0.06889397292185893
2.0200758716168195 0.49827270421717906 566 3004 0.08128043392670387
2.016276348838195 0.4934755854076316 567 3005 0.027070661179824082
2.0037627909523215 0.4955750714210827 568 3006 0.09831774467964675
2.057883625951544 0.49399711564291793 569 3009 0.09998649887099412
2.025943696959562 0.4952318944591201 570 3010 0.026182973795071476
2.05479912692922 0.5077129107250443 571 3012 0.07593682932906873
2.0674821367529064 0.49996611724255724 572 3015 0.07001562701057307
1.985124584325815 0.49159417257336835 573 3016 0.048612396530871585
2.0430722370612617 0.49261008464914097 574 3018 0.05413003418704706
2.031232004116276 0.4947294167741185 575 3020 0.04293049735782626
1.9661130475131217 0.5023997635680316 576 3021 0.09533356865608783
2.0659838838018554 0.5010702538860068 577 3022 0.0794623920047385
1.9575362385980617 0.4939433408075476 578 3024 0.07170392937936053
2.031572143130958 0.5031058237511833 579 3026 0.03841936130089617
2.0607069619814937 0.501158530788244 580 3029 0.09735360678025584
1.97945870292823 0.49497994310691995 581 3030 0.06914636923638058
2.0256281148125157 0.5005854900240257 582 3031 0.0725066453226551
2.036695375270476 0.49912959508618493 583 3035 0.09997924669806199
2.0661992055716327 0.4972635215606413 584 3041 0.06709899834958452
2.0295233791531557 0.4988781301612585 585 3044 0.07465174157668472
2.0064931528357026 0.5086296770858861 586 3045 0.04173312575541261
1.9933074205597114 0.5032379415549162 587 3046 0.023029092342584184
1.9322969855749783 0.4975290950424575 588 3047 0.07532405495185043
2.043595412219013 0.5016233845770297 589 3054 0.05587732683745473
2.010424298433625 0.5016887492880135 590 3055 0.0656069729195266
1.9654928974990937 0.5005116474923057 591 3056 0.06157935610228208
1.9832383064597274 0.5010215122829096 592 3057 0.03483307814397273
1.9671830939189565 0.5015243133906443 593 3058 0.033810481883944775
1.967110544818698 0.49930654673171193 594 3060 0.058282988252787
1.9872679358740846 0.5011972594166052 595 3061 0.03045041504078702
1.985418423760881 0.49160185665408873 596 3062 0.09154466890394754
1.9863444349531196 0.49515778548269296 597 3063 0.025875347733197746
2.053935128163444 0.502849925104532 598 3072 0.056796999299784656
1.938733678925823 0.49897022931269597 599 3073 0.07535742343905912
1.9588042424757053 0.5064709122123591 600 3075 0.06742632755385089
1.9974661138973433 0.5027611581157121 601 3077 0.04722878267119132
2.0666996366911268 0.4927832178021838 602 3078 0.09720851105419182
1.969534320944296 0.5005655718045144 603 3079 0.037695427793042725
1.9723814822260899 0.4988366198097767 604 3080 0.02922418816087671
1.940797797043012 0.5013763233023348 605 3081 0.06970157072021882
1.9747300262776835 0.4987293986060553 606 3082 0.05763549515790929
1.9953593281737112 0.4980203473603399 607 3083 0.02298504439162467
2.0495668185654403 0.4918834585464192 608 3084 0.06412834321558145
1.9888800021609652 0.4994548859119129 609 3086 0.011536329921182236
2.0276129880056035 0.5094614151364388 610 3088 0.07249493182305129
2.0257953494683716 0.49434737310761206 611 3090 0.09590148047155729
2.0183979628202433 0.49925369455776 612 3091 0.0912110678989991
1.9131022190611822 0.506568350229216 613 3092 0.09708594007850149
1.9234051559057723 0.5064763161663691 614 3097 0.07899275514988334
2.074506817280751 0.4924222385484141 615 3099 0.07887016967355304
2.019882486185781 0.4995503182535713 616 3100 0.08294569914202418
2.0225339689301696 0.5056737018142435 617 3102 0.02280322966976148
2.03438043717561 0.49511066694906103 618 3107 0.04141920487267492
2.055445070413044 0.4985854635714895 619 3108 0.087670889855743
1.9993592091002086 0.5009038613169523 620 3110 0.05614685427509353
2.0826078493830584 0.49317259255453544 621 3111 0.09282558954340508
2.009964544715917 0.49274546343163783 622 3112 0.03414308441026322
1.9813661669392415 0.49324824259311395 623 3113 0.036580123211251495
1.9702743345003508 0.5022934067738595 624 3115 0.03660321524660413
2.040434296059325 0.5053903950540564 625 3117 0.06475233765020828
2.0166183485827256 0.5016984119119456 626 3118 0.08784833331981441
1.9805318660520645 0.506500611241729 627 3119 0.08510386923990215
2.013334240818196 0.49901856820214 628 3121 0.029620384761016513
1.992472430843826 0.5026675642183501 629 3122 0.026794083968259996
2.0228931381044397 0.507021289687211 630 3123 0.04327862609390525
1.99548424927887 0.4940878914019442 631 3125 0.020582476200818524
1.98851280651651 0.49172217142625846 632 3126 0.0811600513554618
1.955885123059488 0.49813555578077906 633 3127 0.08369369549286905
2.016337156308584 0.5017969592423442 634 3128 0.021622052320442595
1.981588807650541 0.5052670665882047 635 3129 0.08695408793353732
2.025314573310397 0.4983922834119144 636 3130 0.06242761227656874
2.003307680374552 0.5014070589928477 637 3132 0.014139738967179282
1.9997563374183789 0.4973673757378242 638 3133 0.059076793883752504
2.048584044826148 0.5080354494668363 639 3135 0.07668618480569929
2.0209220931944136 0.49541446659054805 640 3139 0.045308865991918065
1.9733170141130958 0.501932098733754 641 3141 0.06599552150503561
2.0082189739333254 0.506194498651128 642 3142 0.08739015847720115
2.02721501562247 0.5004739532272486 643 3143 0.05433593095838935
1.977642386740397 0.5075283877364273 644 3145 0.037038165648561855
1.999839106493726 0.5084081416639302 645 3146 0.08924372713221362
1.9958582324918581 0.5004512752294532 646 3147 0.06518769565158883
2.052000419719127 0.5026217719397834 647 3149 0.05637077038997389
2.020807008834592 0.5079302260537097 648 3153 0.021087818394390605
2.0329947537691595 0.49203606442955045 649 3154 0.04329473281144151
2.0366449534438433 0.49834021796686745 650 3158 0.04709420826974767
2.0279422404123966 0.49743151418259557 651 3159 0.0872108425538253
1.9496151650712183 0.5070190211298199 652 3160 0.05252449019061687
1.9204196093206733 0.5050593184501316 653 3162 0.08357524863563044
1.9279627864599258 0.5061016987903951 654 3164 0.07273347847828675
2.0085876789688717 0.5059722022954074 655 3167 0.014914834568988573
2.0064666171961116 0.49415690212985064 656 3171 0.008059159771987472
2.0359815992923607 0.5067866902260096 657 3172 0.06497570181346882
1.9838356469513567 0.5024074456336695 658 3174 0.06353999477528315
2.039187190958998 0.5058367435143134 659 3176 0.07342156447886745
1.9798934502955599 0.49608512102123403 660 3179 0.02881691396600284
2.057239279866692 0.4928881032273551 661 3180 0.09095002592953419
2.0553968844415826 0.4932435496912738 662 3181 0.06836310348472323
2.0184454985131217 0.5068290464655215 663 3182 0.03856376948446513
1.9778376070465464 0.49363839463716597 664 3184 0.07099013758989703
1.9470727742814995 0.5059664023772713 665 3185 0.08745137582966593
1.9614328523552744 0.4933717652249184 666 3186 0.0837137760178573
1.9718329940616162 0.5003054945419652 667 3189 0.08518533795093179
2.031429148359453 0.5018686390137678 668 3190 0.05477995584663624
2.0147709079711382 0.4935327720036988 669 3191 0.017874166735137014
2.0137762905002705 0.49184881943449177 670 3192 0.0550657093058722
2.0015870930488844 0.5027000991014192 671 3193 0.08869104278520888
1.9700605889560796 0.49809202930969154 672 3194 0.0436470232645056
1.9942628839598069 0.4955547580834809 673 3196 0.010080592241796605
2.03251707295482 0.5057987612313483 674 3197 0.07605953258721145
1.9752345763560433 0.49998702245443216 675 3199 0.06186821985115312
1.9891288767418909 0.49320702513203313 676 3200 0.036365344322625434
1.9947685197089102 0.4952258117360595 677 3201 0.01885121393464001
1.9767443097116644 0.49970399651450115 678 3202 0.0507289840912446
2.006068476578967 0.4910670650950027 679 3204 0.022860488688826
1.9907524702414046 0.49181102027832435 680 3206 0.0895539033473186
2.0426895761179926 0.49904100276136937 681 3207 0.06709542565541697
1.9493251345477842 0.5006261733643929 682 3208 0.06956723655370545
1.9837152919209036 0.4967218671329226 683 3209 0.024841937165267787
2.036391341568011 0.5061140661396363 684 3210 0.08961109289748768
2.005664019975442 0.5018182677632546 685 3211 0.016733089846764814
1.9606609580072676 0.49891270616453437 686 3212 0.04218830104220306
2.0455118496849076 0.5067627807870682 687 3214 0.05326873008741347
2.0117527808115305 0.5072211132238071 688 3215 0.042865163043501124
1.9537646019626225 0.49683467571269674 689 3216 0.049925292007281595
2.03401475826819 0.49873916909742105 690 3218 0.09246621528467201
1.9719457310654471 0.4932460896336349 691 3219 0.06234046039426863
1.9254923547382947 0.5023791746598567 692 3221 0.07676301057511435
2.039703199484612 0.5024672432602452 693 3225 0.0694385107388876
1.9979235007053893 0.4998657358677996 694 3226 0.0207808146283237
1.9522592905812146 0.492171778808526 695 3227 0.057401300727136714
2.0482334525439003 0.5062384187492923 696 3228 0.052233159834584805
1.9339123917905143 0.49920658355994146 697 3229 0.08992025750383731
1.9606496945465148 0.49213844255755135 698 3230 0.09690681698707106
2.0333026804727083 0.5025699133353639 699 3235 0.04789537530732018
2.0391037047014806 0.5068178289865753 700 3236 0.05487692977945048
2.0295071054596763 0.504696298773094 701 3237 0.06132226864537447
2.0158575579619225 0.4955906120527839 702 3238 0.043983007410616747
1.9706896517556682 0.5062933098595388 703 3239 0.03013707379147188
2.0194615056013188 0.4934451512759651 704 3240 0.037648214168118185
2.00261743142443 0.49654477829530463 705 3241 0.014166607544852003
1.9971342603745466 0.5009966345782498 706 3242 0.07784032232842797
1.9648453838323023 0.5030210555299366 707 3243 0.06719681148868002
2.0252361293945054 0.4922111131361882 708 3245 0.09708368689094864
2.03938073330197 0.4937470262288069 709 3247 0.04294041011675669
1.9962274390710038 0.5020018056081191 710 3248 0.04734818593647035
1.9856357775208895 0.49695184818061716 711 3249 0.029502910915590742
1.9965244559160198 0.4945927052902279 712 3251 0.06697872229109066
1.964308878403663 0.5010602164822251 713 3253 0.05883305912260025
2.077983966243475 0.49221476168965494 714 3256 0.0848639456743822
1.9805978828940354 0.5026734562971963 715 3257 0.019583519184670505
1.9520871132057538 0.49348931824058195 716 3259 0.08094343659439156
1.947033471526292 0.5068209951885203 717 3260 0.06956221478902704
1.9508494838740917 0.4942505189863005 718 3261 0.07543456184212584
2.0013251867604 0.5037851039253846 719 3262 0.03376836996888592
2.0017531503655404 0.4907895029195595 720 3264 0.03820597328883751
1.9867543720023395 0.49722326462799543 721 3265 0.0590450136006794
2.0546159767529697 0.492008767670867 722 3266 0.084510039810283
2.0736767551331736 0.5020357083399731 723 3273 0.08493888940690587
2.0242509430275692 0.5063768772094731 724 3276 0.025017254076637206
1.9334239312476051 0.5063491446327674 725 3278 0.08678162519297421
2.0346428438721382 0.5025580046183704 726 3280 0.07060621394093779
2.0200859745488655 0.4941349427196469 727 3282 0.06630087580254118
2.0080693881097047 0.5084535497400774 728 3283 0.05169636536225806
1.9696787691898092 0.5070627861330322 729 3285 0.07568673476311001
2.0337856004475694 0.49540936284226605 730 3292 0.07547274709071908
1.9530891362572038 0.5086297921710708 731 3295 0.04842670599222478
2.0034733028414298 0.49740880017648126 732 3296 0.025643361986023048
2.0067066170523584 0.49041548088657244 733 3298 0.01720039873702726
1.9833844757946713 0.5098945552221367 734 3300 0.034497702856912685
2.022776258798488 0.49500603455120656 735 3302 0.0726796921504953
1.9948422583434198 0.4972125618294071 736 3307 0.06492024051003774
1.9609944658337994 0.4928213613189531 737 3308 0.055766179585428094
1.9903369891623761 0.5088079507228608 738 3309 0.04836623578718389
1.9465093308158903 0.49937719635850597 739 3310 0.09760238259260223
1.958914733528954 0.498495930379024 740 3312 0.047593384771460856
1.9594175996322702 0.49292373342360774 741 3314 0.06552618358272788
1.9631081204960337 0.5015502668441215 742 3315 0.09418446108999017
2.0294525072987786 0.5008173589508749 743 3317 0.042237477312339414
2.0604740299037987 0.5026478249002378 744 3318 0.07146637388375764
2.0424372131890713 0.5000268126614644 745 3320 0.09394341031252668
2.005017523164053 0.49810697130068476 746 3321 0.033652025032915735
2.0054178119953923 0.4924899497545371 747 3322 0.039151904166389695
1.954006692963081 0.49842841303225627 748 3323 0.05517082460576232
1.996510082132463 0.4954095983283268 749 3324 0.016233611521321533
2.01179221387717 0.5043540120248112 750 3326 0.0962113652346054
2.0075417954464743 0.4994894927339128 751 3328 0.029774159340365074
2.04111391009875 0.5031558470990141 752 3329 0.041734632780693615
1.954864032800111 0.5036967276206291 753 3331 0.0893151579369182
1.9613124556600692 0.4984581495105395 754 3332 0.05564636345532188
2.0282697187554293 0.5059219182795128 755 3333 0.05646572769055041
2.044944000992028 0.5009482264500468 756 3335 0.06482079753430504
1.9377929287811628 0.5093478393229407 757 3338 0.0737789453860413
2.0456992387257134 0.49568945857663044 758 3345 0.05938085526453554
1.9974977652906383 0.49449534817883306 759 3346 0.027941285184740535
2.0184197003126827 0.5028738246753802 760 3347 0.049892773542645555
1.9766075172250397 0.4991616938900215 761 3350 0.037423763014429165
1.9897490037163628 0.4987499208843753 762 3353 0.07008227733436706
2.034611858325049 0.5008703841465029 763 3355 0.06475561865882695
2.0451721454314367 0.5045406978678789 764 3356 0.046409236120517755
1.9555636614458476 0.4977739769879746 765 3360 0.04824920507068891
2.0419018918935348 0.4967720803788065 766 3361 0.0681281731488251
2.0043218053966134 0.49380365695377265 767 3363 0.004540995060701128
2.0185385407781107 0.49804795192965734 768 3364 0.05873480266924691
2.0684121487313862 0.5020614647863848 769 3365 0.06957842867087079
2.029597752229467 0.49519743135924277 770 3366 0.0803104555332379
1.949884260581548 0.49552304241005973 771 3367 0.0890691389655417
1.9607480603270984 0.4949289715948427 772 3368 0.09008473054556104
1.9743943103056603 0.5007032193328678 773 3369 0.08144975303714976
1.9721647156450324 0.506132796083003 774 3370 0.03080526924348121
2.022589522706894 0.5067398473242567 775 3371 0.08987373971837502
2.0464826615513756 0.49694623636981683 776 3372 0.048814606355414056
1.990869518936181 0.501065697792444 777 3373 0.013962579756251373
2.0051985851249223 0.49747701204357686 778 3374 0.07389102018152617
2.083192556318803 0.500095249061538 779 3375 0.09003175378281515
2.0426536549458643 0.49143969482579103 780 3376 0.044124884620741475
1.9686503933094284 0.49072203284372673 781 3379 0.07725624101276649
1.9692294413726614 0.49700147165761854 782 3380 0.09558473758200707
1.9984439856908662 0.5048890129580577 783 3381 0.01779007260920243
1.9583922040835946 0.5022267477904166 784 3382 0.07556273882818712
1.9439985644357614 0.49709523102527525 785 3383 0.05815455498878564
1.9586764879874294 0.5035858907757427 786 3384 0.043780241695971
1.9992834075767496 0.5013870227636861 787 3386 0.09164360991026649
2.022152722182227 0.49193320040566324 788 3390 0.03504043610660847
2.012819027458676 0.4979068008286886 789 3391 0.09872367065269479
1.995640760775387 0.4936924773723665 790 3392 0.0466825796521492
1.9645938551059852 0.5048191663711604 791 3393 0.03772944510986016
1.9940714795142158 0.5052433450443925 792 3396 0.08183236608152268
2.0227295380068537 0.5034553574310975 793 3397 0.03512125432233493
1.9647168701739255 0.5038708766420682 794 3399 0.039751892189094716
2.031578278336937 0.4952571562724212 795 3400 0.04800153397379148
2.0038253601624225 0.49775007606574756 796 3401 0.05668465215788804
1.985949352648909 0.49989547885054225 797 3402 0.04233625101042104
2.011232405607377 0.49497985853526183 798 3403 0.06101527178534593
1.9937043973200297 0.500565662194081 799 3405 0.05484696032300371
2.008275351067036 0.49563754819022127 800 3408 0.0689166506908652
2.051049181686992 0.49880151011781226 801 3410 0.08410353092426615
1.9160982462227563 0.5010166850122852 802 3413 0.08918763984383811
2.069703020481354 0.4969567587300551 803 3414 0.08573139678453648
1.988773068484596 0.5047896150711856 804 3416 0.09018159242482103
2.0234140127057874 0.4917928174647642 805 3422 0.02372908741620971
1.980163210261169 0.5022169321254025 806 3424 0.08217342571188324
1.96092408668037 0.4983308892995284 807 3425 0.039451961300533085
1.9420603188369499 0.49856670814265136 808 3428 0.08547191019927308
1.9640481563331866 0.4940329707196254 809 3429 0.09605700133579347
2.011057435469277 0.4981229572206306 810 3430 0.011293424859153297
1.9664380993526474 0.5099994761958594 811 3434 0.0486901485387154
2.014440458873794 0.49431004387882355 812 3435 0.08560633297692423
1.9880151031839555 0.5001422596097308 813 3436 0.0377649908975895
2.04603960790936 0.5020166326694803 814 3437 0.0855008940795786
2.0112794979320503 0.49367401201868666 815 3438 0.09780234835960844
2.011329674711145 0.49828605137127635 816 3441 0.017905050961957807
1.996148388805111 0.5006994463314111 817 3442 0.04090346139062179
1.9725489154215823 0.49447605492444824 818 3444 0.03386038564949178
1.973522734524941 0.5000612800597873 819 3446 0.03672798049908837
2.0521417049466173 0.49014939621757353 820 3447 0.06362518269080944
1.9746563916465865 0.508372179618861 821 3449 0.028398403675870466
2.005023031462031 0.5028350649031973 822 3450 0.029617821145655768
1.9662533453888933 0.501454327644696 823 3451 0.057708490157648826
2.0940071520174346 0.5043617555032922 824 3452 0.09824357733243845
2.007338416823923 0.5002939687910122 825 3456 0.051371897798387176
2.061617409516262 0.4987692723001515 826 3457 0.08788111424527015
2.0045350548901752 0.4969614527687876 827 3458 0.03155287199042198
1.9873687152258002 0.5040472703846006 828 3459 0.07925064698783588
2.061201940288607 0.499662531625552 829 3461 0.08402726064644966
2.038635331961657 0.495719346760897 830 3463 0.08848823905435518
1.991322213412061 0.4969769372964407 831 3464 0.0379397981929618
1.9924752951891915 0.5054312057824134 832 3467 0.020966062534177998
2.0746012673763756 0.5012914667992561 833 3469 0.0801585921049184
2.0418619355604317 0.49382649529129613 834 3470 0.0869320041975747
2.02426979527964 0.4944277803424303 835 3471 0.028183583654593905
2.0687605775353717 0.5049489901893628 836 3474 0.0914522074997756
2.020559972193569 0.4913763195469141 837 3475 0.03151764744055551
1.9591553788290594 0.5018031378750906 838 3477 0.05840875671575085
1.9491378146969704 0.5082559785570478 839 3478 0.0619461744635298
2.057346744469131 0.5011932520679616 840 3480 0.05893217038895843
2.014588018942701 0.5020960527531273 841 3482 0.02045905472975774
1.9156670096452553 0.5014147402965947 842 3483 0.09338253581258966
2.0074685724700196 0.5021217614764051 843 3487 0.05614937886945227
2.0346499311572135 0.5061955868694673 844 3489 0.07442579027648426
1.9849158348026283 0.4918554448639129 845 3491 0.04602279934995258
1.9599216100383234 0.4999088025633422 846 3492 0.045913788355982824
2.045488822285346 0.49468232169637116 847 3493 0.04803304950876996
1.9308826890073818 0.5053446259449509 848 3495 0.07012411693360471
2.0427574174500522 0.4951971771475559 849 3496 0.05256108628458696
2.04227783258241 0.4973530320792158 850 3498 0.05005644491182681
2.0067344495573938 0.4937252110617761 851 3499 0.06872404398541673
2.0374866837223227 0.5089344619234019 852 3500 0.06413287401328226
1.9820772031867584 0.5008680260852614 853 3501 0.018445862363274144
2.0363715604232837 0.5005329641172455 854 3505 0.057671129434482195
1.977708373049861 0.5043465278717334 855 3506 0.056159898974796396
1.9895127634032708 0.49291373025929813 856 3507 0.033889493772337916
2.0190958062823237 0.49562264334582157 857 3508 0.027331491568924515
2.075226200344962 0.5004802368775166 858 3510 0.09510062640623916
2.05567257270798 0.5014227530532887 859 3511 0.05636603168064813
2.0453085077597697 0.5061785890936452 860 3512 0.048360644814377574
2.041029975075309 0.503854316627133 861 3514 0.05359770725519455
1.942421669319551 0.5048469229412623 862 3515 0.06986175826031588
2.012579980362239 0.49467550228614654 863 3516 0.02148466570545702
1.9622460180108807 0.4960229134923091 864 3517 0.06150557529805096
2.0106982117447303 0.4920571012151346 865 3518 0.011364642214994636
1.964346781018976 0.5058164198580049 866 3519 0.03930222778443902
1.9879256054340877 0.5005586338796082 867 3521 0.06700074113388438
1.9541771851357441 0.4972307589759621 868 3523 0.08523154605423305
2.0370775437913786 0.5044580408593745 869 3524 0.04220555810482138
2.021177783920846 0.5034702898719416 870 3525 0.08632673484002064
2.0365155429216153 0.4947638868807544 871 3526 0.039871877566470405
1.9782416889966288 0.5069899106081079 872 3530 0.03596865710420228
1.999624961406698 0.5062859930412887 873 3531 0.054149313733796466
2.0129595164436997 0.49927274029965063 874 3532 0.04004648383917447
2.0165182049972015 0.5033141915156669 875 3533 0.016670621107282246
1.9992360148077453 0.5032992642065991 876 3535 0.04105803155153632
2.0080466732204316 0.5053051317396992 877 3536 0.06188619774853926
1.9892420728115665 0.5042746074447706 878 3537 0.03315742961636938
1.9836910489465864 0.5003600685095184 879 3539 0.08664422586841228
1.9450977981181363 0.5091437871261416 880 3541 0.09649687082516954
1.9583205533298607 0.5083090958764604 881 3542 0.045225310275269257
2.022149190617385 0.5043183856220658 882 3544 0.03948009167458296
1.9881397777969483 0.495376472995546 883 3545 0.0487293951886366
2.057338584061252 0.49495299465897485 884 3547 0.06352443058650173
2.0134577025575586 0.49271138260212066 885 3549 0.038704885198866994
2.041340415802174 0.5072253678831593 886 3550 0.08754167499667466
1.9840218342395313 0.49392069174331993 887 3551 0.01732575936200668
1.998597980731672 0.4934724349654791 888 3552 0.05022522137686202
1.985654735611548 0.492101940856313 889 3556 0.04870047467890247
2.0228894282227854 0.4915710061552991 890 3560 0.03340539171464663
1.9694590368956721 0.49642642651284064 891 3562 0.033463311861215275
1.9436772496623334 0.5033303333203564 892 3565 0.0985495830632757
1.9969764819798541 0.49688622614204064 893 3566 0.08189581715623184
1.9718373963564808 0.49841841808677145 894 3567 0.0584185380127647
1.9881743048030076 0.49511240092610403 895 3568 0.019684761616354376
2.036934439756009 0.5019319547936391 896 3569 0.03927307694650324
2.027744921973441 0.4974403917420217 897 3571 0.053288445919546935
2.0009387886698673 0.49611693742603435 898 3573 0.04269815562296429
1.9895721306760472 0.5018979897706908 899 3574 0.09179180560941273
2.077749010256716 0.4924298271696697 900 3575 0.08187773550804528
2.0010823301505494 0.4990575065750917 901 3576 0.09002058693125999
2.020054208509517 0.5005120960915902 902 3577 0.06739689059111414
1.9934995176165817 0.49774691179007063 903 3581 0.095984169244833
2.011686424489231 0.499365821116957 904 3584 0.08330463263110671
1.9340738723538968 0.5078940951648723 905 3586 0.06978311920704576
1.9739126835166048 0.49987686613811544 906 3588 0.0515378241310647
1.9994181611330186 0.4984998247703318 907 3589 0.015665395489532757
1.975108665088554 0.49750290110704715 908 3590 0.03379182339927494
1.9614272485986006 0.4982403039213817 909 3592 0.06990089095736773
2.0308602590451463 0.4959967730124902 910 3593 0.05005089180731815
1.9225327935377137 0.5083269205106328 911 3594 0.0886417927352922
1.9598450697473238 0.5016114902698106 912 3595 0.09594319892838651
2.0070715240539347 0.49050823202955063 913 3596 0.060422369609568295
2.01668842337789 0.5072781444866065 914 3599 0.01730812026972785
1.9818752674605125 0.4935169083434928 915 3602 0.09007154894673203
1.9930787078158216 0.5054503088838358 916 3605 0.007036215173995842
1.9761458015935478 0.494768102295582 917 3606 0.07385302621799301
1.9764495442822674 0.5062808743264227 918 3608 0.07691391458887432
1.996395901180134 0.49939565375160444 919 3610 0.007842369795120704
2.017067530779267 0.5041287268124353 920 3611 0.06095651213086318
2.0124216217834077 0.4972838363458015 921 3612 0.04085014987259392
1.9713465040340976 0.4959581222516126 922 3613 0.059474853134116434
1.975600648242328 0.5003029367022981 923 3614 0.02483159503712379
1.9486558671512246 0.4938834931655877 924 3615 0.05196199029855517
1.9894584270043183 0.49823879287233264 925 3618 0.09666179348414798
1.9890720479085153 0.4979540658564899 926 3619 0.07712570742130781
1.9933424634666768 0.507255053624128 927 3620 0.018532727276479803
1.9975058741011995 0.4928568225614722 928 3621 0.07039478338759629
1.952019193005712 0.5023760855374186 929 3622 0.06558589241697903
2.0319141675340773 0.49195461351836645 930 3623 0.0372053761123677
2.0335120436709415 0.502050115739006 931 3624 0.04778931304265996
1.996971697689723 0.49155827300699123 932 3625 0.027160849818820883
1.9670238873650743 0.4999646816804394 933 3628 0.035247623214732855
1.9815941004038045 0.4903623800324414 934 3630 0.062478419337127694
2.04709527325181 0.49000283582475385 935 3631 0.06936018802383483
1.9925632445751562 0.495807950968078 936 3634 0.01104823855549057
2.0017376109673686 0.5056885989048646 937 3635 0.09864379453229696
1.995626890206908 0.49061123339425333 938 3636 0.050967142508445085
1.9660346002446023 0.5045491551652087 939 3637 0.0687604257790169
2.0036731494102877 0.5079217421557694 940 3638 0.004252893988749989
2.046346721072738 0.49520396327319977 941 3639 0.0532505641626125
2.050118217865516 0.49382116490576666 942 3640 0.06328567758630281
2.0368399834081727 0.492803331351052 943 3642 0.09608747084213173
2.0232707971450483 0.5034339653407773 944 3643 0.03883397615980329
2.01202108061335 0.4939377933135101 945 3645 0.043300051223029816
1.9545156545610405 0.506155196082223 946 3646 0.051253003678782216
2.0316349185476272 0.49278944129332136 947 3647 0.07326742089307886
1.9713919240495497 0.49579230181839035 948 3648 0.08509268816071741
1.9907808020911604 0.4965306771475893 949 3650 0.01957522032317241
2.0522239254220924 0.4934196954038676 950 3652 0.058550748471099257
2.0626136204334684 0.5015779568212823 951 3654 0.09725122300499578
1.9851095281095283 0.5095600174845925 952 3657 0.03805025537774124
2.021986606257781 0.4996133806050835 953 3659 0.07514182035724523
2.03679372742084 0.493666281353537 954 3660 0.046077949192754195
2.0247558350823294 0.49689550233151475 955 3668 0.06601652578865416
2.0074815484776587 0.501286129069946 956 3669 0.012137656430300547
1.9685193421300025 0.5053698223156009 957 3670 0.09325701480117572
1.9914351223406515 0.4948847247035914 958 3672 0.01884342262900889
2.023281272145681 0.5044231280238947 959 3674 0.056418748491324076
2.0068021481886893 0.4955743541253081 960 3676 0.04996296875467497
1.93286210437638 0.507310259818167 961 3677 0.07185379438121423
1.994055749153625 0.4952306319173331 962 3679 0.01059782342850251
1.980613584394367 0.49896920237689496 963 3680 0.055110391041060316
2.0441259652044783 0.49261702401470625 964 3681 0.08581389212092669
1.982496940256713 0.5037349632858634 965 3683 0.04867071207330761
1.9195008733398704 0.5093591927551785 966 3684 0.08958842391495739
1.9757041538382745 0.5064849460758338 967 3685 0.027500614016151902
1.939628874979757 0.5084929339155666 968 3686 0.06341636369754457
2.0167884437784176 0.5078888736543362 969 3688 0.09862836496447369
2.044731841997482 0.49598710015861697 970 3690 0.04583870092732242
2.028097359848078 0.5058606597559259 971 3697 0.08807084022381378
2.029837325112215 0.49843717877156407 972 3698 0.07321861125881131
1.985392118816112 0.49330527595257606 973 3699 0.0205923997101704
2.0471432598737764 0.49877326805075534 974 3700 0.05846423224380568
2.0051654137638466 0.4902871996251199 975 3701 0.03314123711384255
1.9929356298573337 0.49764145238559676 976 3704 0.07006946383526959
1.9992501030134526 0.5034896728746113 977 3706 0.08184719220957237
2.057998014289712 0.49524812164000903 978 3707 0.06605892301001705
1.9805445657847853 0.49629596622826605 979 3708 0.020285665818962
2.035916369444334 0.5025015945343342 980 3709 0.09640800791386223
2.0312052461578705 0.49346144087869787 981 3711 0.03643146384391943
1.9655047856492813 0.501426949853899 982 3712 0.05773142513107064
1.9644715242275848 0.4959834190545276 983 3715 0.07383984674866431
2.0031781098365404 0.50436888034459 984 3717 0.008586638167784443
1.9758638407342477 0.506718115400255 985 3718 0.033269889328614875
1.982248862161467 0.4932716850435308 986 3720 0.07538953870777242
1.9634972178569297 0.501688333122314 987 3721 0.053695906701415795
2.0306184883991194 0.49633667559478095 988 3723 0.06538650080593784
1.9391433988732192 0.5056864481008944 989 3725 0.09296256899912811
2.012697786734472 0.4971996531057337 990 3727 0.09974510170447785
1.9610867604903477 0.49624649662065157 991 3729 0.08619449952900984
1.979725553954997 0.49901305820594655 992 3732 0.020556211672527316
1.9877788458578605 0.4934227448175456 993 3733 0.057224436352916574
1.9919080753347957 0.49502890186071064 994 3734 0.08371179976922367
1.9481535543626292 0.5067113014674696 995 3735 0.09677131996084588
1.9974463206232698 0.5003662998045055 996 3736 0.051825664169379115
1.968280208212091 0.49715051353690975 997 3741 0.03796811719618309
2.0102731262108926 0.4923650982481279 998 3742 0.03564170316829499
2.034948672079079 0.5031124475345344 999 3743 0.08068348935021072
1.9781828737864915 0.49836846662415685 1000 3744 0.03554435096922284
